ISS [Orbit 3050]        
1 25544U 98067A   19266.50650509  .00016717  00000-0  10270-3 0  9001
2 25544  51.6391 233.6644 0007472  75.2278 284.9700 15.50083279 30504
ISS [Orbit 3066]        
1 25544U 98067A   19267.53801202  .00016717  00000-0  10270-3 0  9014
2 25544  51.6390 228.5527 0007446  78.2804 281.9182 15.50105366 30665
ISS [Orbit 3069]        
1 25544U 98067A   19267.73142021  .00016717  00000-0  10270-3 0  9024
2 25544  51.6418 227.5956 0007456  78.7125 281.4863 15.50093156 30690
ISS [Orbit 3083]        
1 25544U 98067A   19268.63398600  .00016717  00000-0  10270-3 0  9031
2 25544  51.6403 223.1235 0007257  82.8812 277.3164 15.50137400 30839
ISS [Orbit 3085]        
1 25544U 98067A   19268.76292486  .00016717  00000-0  10270-3 0  9041
2 25544  51.6419 222.4852 0007378  83.0286 277.1704 15.50099913 30851
ISS [Orbit 3086]        
1 25544U 98067A   19268.82739258  .00016717  00000-0  10270-3 0  9052
2 25544  51.6389 222.1636 0007159  83.5925 276.6041 15.50105959 30863
ISS [Orbit 3102]        
1 25544U 98067A   19269.85889431  .00016717  00000-0  10270-3 0  9066
2 25544  51.6401 217.0516 0007100  85.2424 274.9537 15.50160717 31020
ISS [Orbit 3117]        
1 25544U 98067A   19270.82592742  .00016717  00000-0  10270-3 0  9072
2 25544  51.6392 212.2593 0007265  91.0925 269.1058 15.50113084 31179
ISS [Orbit 3127]        
1 25544U 98067A   19271.47061526  .00016717  00000-0  10270-3 0  9086
2 25544  51.6402 209.0674 0007405  92.0045 268.1954 15.50115994 31272
ISS [Orbit 3136]        
1 25544U 98067A   19272.05083269  .00016717  00000-0  10270-3 0  9090
2 25544  51.6428 206.1901 0007259  98.3458 261.8516 15.50105052 31363
ISS [Orbit 3152]        
1 25544U 98067A   19273.08232805  .00016717  00000-0  10270-3 0  9108
2 25544  51.6433 201.0793 0007265 102.1206 258.0759 15.50151521 31521
ISS [Orbit 3167]        
1 25544U 98067A   19274.04935348  .00016717  00000-0  10270-3 0  9118
2 25544  51.6433 196.2884 0007180 104.9012 255.2934 15.50112718 31673
ISS [Orbit 3183]        
1 25544U 98067A   19275.08084249  .00016717  00000-0  10270-3 0  9129
2 25544  51.6431 191.1777 0007228 108.0849 252.1089 15.50160818 31831
ISS [Orbit 3185]        
1 25544U 98067A   19275.20977929  .00016717  00000-0  10270-3 0  9130
2 25544  51.6414 190.5407 0007365 106.0525 254.1437 15.50152674 31858
ISS [Orbit 3200]        
1 25544U 98067A   19276.17680029  .00016717  00000-0  10270-3 0  9140
2 25544  51.6417 185.7492 0007415 109.2111 250.9842 15.50127421 32007
ISS [Orbit 3203]        
1 25544U 98067A   19276.37020356  .00016717  00000-0  10270-3 0  9154
2 25544  51.6387 184.7914 0007206 110.0977 250.0950 15.50151191 32034
ISS [Orbit 3218]        
1 25544U 98067A   19277.33722147  .00016717  00000-0  10270-3 0  9169
2 25544  51.6393 179.9987 0007292 113.0624 247.1296 15.50125681 32185
ISS [Orbit 3234]        
1 25544U 98067A   19278.36870184  .00016717  00000-0  10270-3 0  9179
2 25544  51.6398 174.8884 0007118 116.6388 243.5492 15.50165715 32341
ISS [Orbit 3249]        
1 25544U 98067A   19279.33571457  .00016717  00000-0  10270-3 0  9189
2 25544  51.6395 170.0960 0007180 119.4869 240.6998 15.50133987 32496
ISS [Orbit 3265]        
1 25544U 98067A   19280.36719133  .00016717  00000-0  10270-3 0  9190
2 25544  51.6401 164.9861 0007043 123.8842 236.2980 15.50172406 32653
ISS [Orbit 3280]        
1 25544U 98067A   19281.33419932  .00016717  00000-0  10270-3 0  9204
2 25544  51.6409 160.1936 0007059 127.1271 233.0526 15.50146194 32805
